# Created by Octave 5.1.0, Wed May 29 22:02:56 2019 GMT <unknown@LeilaPC>
# name: b
# type: scalar
4


